0.941038
0.941029
-0.560949
-0.628557
0.941747
0.785398
0.785398
0.785398
0.941063
0.785398
0.785398
0.942995
-0.631453
-0.680155
0.785398
-0.556166
-0.608558
0.785398
-0.754639
0.785398
0.785398
-0.611353
0.785398
0.785398
0.785398
0.785398
0.785398
0.785398
-0.785398
0.785398
-0.590666
-0.648642
0.953605
0.785398
-0.696273
-0.541780
0.918748
-0.577038
-0.627539
-0.631691
0.917950
0.785398
-0.666306
0.904827
-0.592755
0.785398
-0.763819
-0.589592
0.938047
0.838918
-0.593543
-0.596826
0.785398
-0.639770
0.937370
-0.785398
0.785398
0.944192
0.937698
0.785398
0.785398
0.785398
0.785398
0.785398
0.889779
0.785398
-0.628796
0.891791
0.851966
0.785398
0.824594
0.928597
-0.646758
-0.616648
0.785398
0.839400
0.924677
0.785398
-0.802203
0.785398
-0.608689
-0.785398
0.927295
0.943020
-0.715991
-0.785398
0.944872
0.956133
0.939106
0.982794
0.923205
0.785398
0.785398
0.942000
0.859642
0.785398
-0.628796
0.946161
0.909753
0.785398
0.785398
0.785398
0.785398
0.950547
0.840897
0.785398
0.925221
0.785398
0.946773
0.943167
0.785398
0.931882
0.763180
-0.071307
0.785398
-0.588003
-0.097253
-0.583636
-0.665969
-0.628235
0.765793
0.785398
0.938822
0.953995
-0.610726
0.785398
0.785398
-0.628235
-0.679414
-0.497822
0.939717
-0.692642
0.907593
0.839400
-0.738703
-0.715338
0.785398
-0.699075
-0.556599
-0.590117
-0.377767
-0.608833
0.773904
0.821354
0.511231
0.785398
0.856247
0.943488
0.855243
0.996020
-0.622032
0.876058
0.853785
-0.680155
0.962274
-0.641109
-0.785398
-0.642004
1.000756
0.837981
-0.658566
0.964191
0.849825
-0.785398
0.955176
0.890598
0.785398
0.942000
0.785398
0.888480
-0.785398
0.960070
0.785398
-0.680098
0.785398
0.932477
0.799482
0.888480
0.890995
1.000558
0.873406
0.872733
-0.574305
-0.542432
0.916714
0.785398
0.986715
0.955176
0.998337
0.785398
0.859642
-0.694738
0.785398
1.016004
0.817645
0.922154
-0.543190
-0.718016
0.785398
0.896055
-0.662216
0.925881
-0.615186
0.868539
0.785398
0.997130
0.824138
-0.539105
0.999459
1.081513
-0.562498
0.785398
-0.608522
0.831876
0.926620
0.855459
0.735440
0.979878
-0.672479
0.957240
-0.667306
0.771113
-0.635838
0.977951
0.811708
0.774646
0.855459
0.972827
0.890995
0.885067
-0.563316
0.933248
0.785398
-0.618428
-0.668289
-0.741947
0.944950
0.903131
-0.785398
0.886745
-0.663203
-0.767856
-0.652847
0.886745
-0.718830
-0.620249
-0.082007
1.009303
0.930211
-0.618144
-0.668289
0.908067
0.876058
0.851966
0.988891
0.801790
-0.597969
-0.603749
0.982794
-0.567844
-0.023805
0.750690
0.785398
-0.058756
0.889670
0.927295
0.718830
0.744325
-0.750929
0.926128
-0.611727
-0.625485
-0.699893
0.927295
0.785398
-0.627308
0.940395
-0.785398
0.785398
-0.676456
-0.679414
-0.621824
-0.720273
0.927295
0.924677
0.922985
-0.443448
-0.757237
-0.694738
0.960070
0.872894
-0.711847
-0.559797
0.785398
0.870558
0.899652
-0.642004
0.969723
0.940395
0.844154
-0.625925
-0.623199
-0.681017
0.950547
0.785398
-0.640356
0.904010
0.953041
0.785398
0.966017
0.865869
-0.802818
-0.446842
0.856706
0.910426
-0.582353
0.785398
-0.647047
-0.561922
0.816638
0.920375
0.922464
-0.734936
-0.605545
0.864597
0.737815
-0.667833
0.869942
-0.545655
-0.835715
0.882651
0.957589
0.909753
0.773904
-0.563869
0.856317
0.896055
0.864597
0.854594
0.785398
1.035377
-0.661043
-0.770474
0.851966
-0.333945
0.094952
0.785398
-0.534395
0.785398
0.860727
-0.380506
0.764568
0.896055
-0.617191
0.923404
0.992272
0.774410
0.938658
0.931410
0.967047
0.785398
-0.785398
0.944535
-0.473598
0.904104
0.854255
-0.862170
0.736257
0.946161
0.274167
0.821527
0.962471
-0.654083
0.917950
0.899190
0.916714
-0.608173
1.051650
0.887978
0.896055
0.976037
-0.509592
-0.711459
0.982794
-0.630681
0.936774
-0.540420
-0.588003
0.890275
-0.685730
-0.224711
-0.736257
0.990040
-0.804627
-0.447520
0.931882
0.922464
0.770015
0.856706
0.750119
-0.062419
0.942000
-0.024995
1.006227
-0.463648
0.997830
-0.785398
-0.027020
0.832093
-0.785398
0.914095
1.008298
0.945311
0.795707
0.869942
-0.709912
0.854594
0.922464
0.943488
-0.597758
-0.602287
-0.565149
0.915964
0.942000
0.913721
-0.472122
1.027319
-0.768451
-0.576375
-0.437510
0.827627
0.872894
0.785398
0.903490
1.013255
-0.785398
-0.572460
-0.620249
-0.563316
0.930440
0.892134
0.916714
0.944535
-0.463648
0.936554
-0.554530
0.892677
0.871479
0.975141
-0.543832
0.000000
0.785398
0.869942
-0.391700
0.911990
0.785398
0.898833
-0.632749
-0.380506
-0.014924
0.976583
-0.708626
-0.762501
0.836202
1.005647
0.932477
0.889987
-0.444419
0.931882
0.922985
-0.560360
-0.062419
0.798731
0.952830
0.799482
-0.455774
0.741947
0.888480
0.927295
-0.089050
-0.700333
0.917950
0.878462
-0.632749
-0.094314
-0.076772
-0.283794
-0.033321
0.902507
0.836899
0.016392
0.876058
-0.601455
-0.600714
0.785398
0.903888
0.867183
-0.045423
0.785398
0.542579
-0.488334
0.098045
0.813169
0.997830
0.828849
-0.540420
0.956133
0.878875
0.785398
-0.681298
0.908581
-0.519146
0.017240
-0.315970
0.840897
-0.768451
1.018212
0.000000
0.881872
-0.503626
-0.416702
0.849141
0.876058
0.785398
-0.027771
0.000000
-0.454302
0.536435
-0.636508
0.862170
0.832981
-0.681606
0.958259
-0.107279
-0.263964
0.000000
0.908855
0.931410
-0.553294
0.947887
0.817645
-0.546789
1.010675
0.815692
0.737815
-0.053520
-0.424194
-0.620249
0.952368
1.008298
0.000000
-0.058756
-0.215358
0.321751
-0.563316
-0.638914
0.927295
0.841942
0.785398
-0.456348
0.795107
0.917950
0.829617
-0.117109
0.958894
0.796387
0.819867
0.850523
0.025635
-0.543832
0.892134
0.991722
-0.595656
0.785398
0.114877
0.914448
0.850242
-0.540420
-0.052583
0.869942
-0.606383
0.925648
0.998337
0.867183
-0.237836
-0.572966
0.924677
0.785398
-0.724250
-0.706614
0.540420
0.950547
0.940993
-0.620249
0.954499
1.020943
-0.668289
0.864597
0.579564
0.952368
0.206324
0.281772
0.953041
0.551655
0.963809
-0.717012
-0.394791
-0.399515
-0.389709
0.988443
1.095786
-0.197396
0.888480
0.000000
0.943167
0.975012
0.977794
-0.515549
0.955176
0.869942
-0.604306
-0.658806
-0.511231
0.961338
-0.785398
0.055499
0.083141
-0.643501
-0.516231
0.952652
0.940762
0.956133
-0.615620
-0.266252
1.016942
0.931882
-0.700854
-0.057081
0.909753
0.867780
0.885067
0.922464
0.959069
0.943488
0.905589
0.785398
-0.551655
0.000000
-0.397079
0.831876
0.893088
0.694738
0.878462
0.922464
-0.224711
0.930440
-0.488553
-0.369334
0.785398
0.818719
0.770015
0.785398
-0.574305
-0.605545
-0.501604
-0.365201
-0.508489
-0.629803
-0.785398
1.034361
-0.209023
0.924038
-0.570040
1.030377
0.954499
-0.483447
-0.291457
-0.613770
0.918927
-0.304511
-0.244979
0.193622
-0.131315
0.939717
-0.058756
0.154997
0.889498
0.085505
1.034985
0.595410
-0.160763
0.785398
-0.448145
-0.617756
1.013365
-0.308931
0.832981
-0.593543
0.255182
0.040794
0.886502
-0.574305
-0.027771
0.883125
-0.617756
0.785398
-0.124355
0.963809
-0.281772
-0.591292
0.876058
0.000000
0.982794
0.993357
-0.367174
-0.512389
0.000000
0.881872
0.871604
0.977047
-0.785398
0.927295
-0.455101
0.798384
-0.605545
0.801790
0.978099
-0.172681
-0.715744
0.740652
-0.522403
-0.128323
-0.298499
-0.551655
-0.274910
0.049958
-0.401229
0.785398
0.854731
-0.521834
0.785398
0.936774
0.893088
0.955176
-0.582353
-0.803360
0.869942
0.940762
0.800322
0.924283
0.916714
0.992894
0.962471
-0.509592
-0.674741
0.930211
0.943488
0.799482
0.950547
0.870903
0.785398
1.061204
0.888480
-0.703614
0.839890
-0.241118
-0.339293
-0.047583
0.872137
-0.632749
0.554996
0.094952
-0.641473
0.927295
-0.588003
0.958644
-0.512389
0.785398
-0.367174
0.948493
1.023234
-0.669043
1.057190
0.906750
-0.674741
0.802346
-0.088656
-0.351445
-0.561163
0.797446
-0.647047
0.870903
0.033321
-0.594759
0.947236
0.922464
0.000000
-0.571918
0.139709
0.881872
-0.068076
0.889911
0.896055
-0.744099
0.903490
0.801022
-0.398522
0.855348
-0.613770
0.938047
0.803915
0.867183
-0.124355
0.881872
0.958644
-0.097727
0.997830
0.566729
0.785398
0.891970
0.785398
0.000000
-0.223477
-0.627308
0.922464
0.549853
0.960990
0.785398
-0.331096
-0.463648
-0.063743
0.000000
0.831876
0.215358
0.152649
0.945311
0.015383
0.608689
-0.698241
-0.535811
0.869942
-0.179853
-0.736656
0.940687
1.034985
0.756835
0.864597
-0.519146
0.904104
-0.154601
0.934288
-0.202322
0.938047
0.224711
0.932477
0.976583
1.049362
0.785398
-0.110657
0.958259
-0.591600
0.869942
0.841519
0.908736
0.878462
-0.358771
0.856706
0.000000
0.286051
0.939106
0.785398
0.853993
0.054002
0.938047
-0.547864
-0.740652
0.821527
0.785398
-0.483447
-0.343024
0.824138
-0.383528
-0.122835
-0.124355
-0.138006
0.982794
1.022247
1.065935
0.898833
0.997130
-0.637070
-0.704494
-0.561163
0.816967
-0.094061
1.037952
-0.237836
0.943167
-0.398522
-0.714091
-0.337878
0.911990
0.869536
-0.608689
-0.785398
-0.524796
0.940762
-0.602287
0.113792
0.859887
-0.446842
0.785398
0.852964
-0.635838
0.785398
0.260602
-0.344219
-0.551655
0.893881
-0.734594
0.870162
-0.358771
-0.475011
-0.878875
-0.029403
-0.348771
0.837981
0.924980
0.907241
0.733720
0.965252
0.982794
0.969723
-0.526392
0.927295
0.847817
-0.380506
0.888480
0.916226
-0.209023
0.000000
0.872894
0.785398
0.873775
0.946773
1.001483
-0.282555
-0.020405
-0.632749
0.936774
0.785398
-0.606988
0.150371
0.906022
0.785398
-0.463648
0.878875
-0.785398
0.900674
0.903888
0.000000
0.828849
-0.291457
0.288975
-0.665103
-0.829617
-0.574305
0.922464
-0.612058
0.933726
-0.065480
0.916714
0.977794
0.955176
0.973038
0.840288
0.813169
-0.737815
-0.752298
0.890887
1.002692
0.000000
0.938047
-0.526066
0.903888
0.967566
0.582739
-0.573441
0.894717
0.854594
-0.314758
-0.368696
-0.785398
0.493941
0.837981
0.940762
-0.340979
-0.312901
0.785398
0.890275
0.752443
0.854594
-0.785398
-0.340979
0.982794
-0.443448
0.785398
0.881257
0.849825
-0.331096
-0.710909
0.950547
-0.339293
-0.493941
0.849825
-0.489957
0.937163
-0.096474
-0.369334
-0.544864
-0.291457
-0.412410
0.960070
0.904104
0.736893
-0.610726
0.785398
-0.522789
0.938047
-0.548549
-0.291457
-0.099669
0.752443
0.000000
-0.696524
-0.463648
1.007480
0.134321
0.872894
1.055247
-0.785398
0.939717
0.896055
0.555871
-0.085505
0.000000
0.909753
0.836202
0.828849
0.736656
0.973620
0.927295
-0.278300
0.813169
0.937163
1.152572
0.054002
0.896055
-0.286051
-0.060532
-0.215358
0.867183
0.939106
0.588003
-0.099669
0.827041
0.960879
0.774872
-0.663203
1.048962
-0.244979
-0.375961
-0.126973
0.995372
0.932477
0.892134
-0.355636
-0.252554
0.699893
0.064844
0.953605
0.982794
-0.252554
0.988443
0.144442
1.034361
-0.549853
0.000000
0.785398
-0.593003
-0.652171
0.000000
0.024995
0.977794
0.883125
0.853785
-0.475011
0.889026
-0.657889
0.958259
-0.499347
0.947597
0.961338
1.115696
0.240846
0.945311
-0.321751
-0.368696
-0.499347
-0.132552
0.775089
0.995372
0.785398
0.900674
-0.492836
0.785398
-0.027020
-0.588003
0.211093
-0.369334
0.860258
0.970746
-0.331096
-0.608689
0.906022
0.536435
0.946161
-0.380506
-0.229232
0.936414
0.753151
0.942000
-0.169778
-0.643501
-0.785398
0.970746
-0.218669
-0.064427
0.927295
-0.339293
-0.412410
1.022247
-0.759763
-0.432408
0.942000
0.736656
-0.581905
-0.161375
0.948126
-0.208465
-0.278300
-0.039196
-0.651077
-0.556166
-0.800782
0.856706
0.987720
0.885067
-0.634023
0.916714
-0.696742
-0.293589
-0.571918
0.854255
0.000000
0.000000
0.835357
-0.576375
0.856706
-0.185348
0.526066
1.034985
-0.766532
-0.577192
0.955176
-0.634023
0.799482
0.927295
-0.611727
-0.340979
-0.024995
0.999459
0.291457
-0.614663
0.302885
-0.453339
0.512389
-0.071307
0.371709
-0.463648
0.963809
0.035073
-0.628796
0.907593
-0.588003
0.943488
-0.503626
-0.216085
0.731397
-0.443783
0.927295
-0.820471
1.002272
-0.429762
0.896055
-0.312042
0.927295
0.066568
0.948126
0.000000
0.820678
-0.519146
0.594214
0.936774
0.851966
0.913721
-0.649401
1.010999
0.853785
-0.601455
0.960070
0.920375
-0.588003
0.797743
0.893410
0.910948
0.856706
-1.297788
-0.588003
-0.193211
0.463648
-0.522403
1.091883
0.801270
-0.451453
0.902507
0.931882
-0.588003
-0.785398
1.000756
0.891791
0.151015
-0.128323
-0.697391
-0.697021
0.947597
1.054566
0.785398
1.006927
0.942000
1.082462
0.971621
-0.138006
0.994421
0.896055
-0.674741
0.000000
0.927295
0.839400
-0.712358
-0.627981
1.020943
-0.380506
0.891912
0.588003
0.903490
0.896055
0.000000
-0.502843
-0.446842
0.885067
0.000000
-0.552841
0.845930
-0.608325
0.940395
0.855705
-0.577902
-0.463648
-0.351445
-0.583636
0.750929
1.002692
0.975386
0.302885
0.976583
-0.066568
1.020943
-0.093477
-0.540420
0.976037
-0.314232
-0.286051
1.145591
-0.493941
-0.222082
-0.785398
0.948126
0.785398
-0.654571
-0.798384
-0.785398
0.231091
0.785398
-0.628796
-0.375271
0.083141
-0.051237
0.785398
0.940395
-0.358771
0.021736
0.939106
-0.358771
-0.702257
-0.197396
0.987720
0.953605
0.903888
-0.084902
1.017502
0.000000
-0.397079
0.999459
0.923404
0.892134
0.921396
-0.251690
0.903490
0.896055
0.960070
0.150371
0.938047
-0.346539
-0.544864
0.977047
0.785398
-0.453339
0.960070
1.063698
-0.463648
0.785398
-0.665969
0.866302
0.916714
-0.291457
-0.202322
0.975386
0.090660
-0.526066
0.000000
-0.218669
-0.594214
0.920375
-0.473851
-0.358771
-0.274167
-0.581905
0.785398
0.535420
0.516231
0.772066
-0.275806
0.953605
0.968509
0.288975
-0.475011
-0.540420
-0.561163
-0.668289
0.841519
-0.291457
-0.060532
-0.291457
0.801790
-0.339293
0.933726
0.489957
-0.452154
-0.330297
-0.489957
-0.412410
0.615620
1.006227
0.976583
-0.601074
-0.415492
1.022247
-0.120624
-0.805003
-0.312042
0.943488
-0.420197
0.148890
0.942000
1.014630
0.850242
0.944535
-0.785398
-0.610726
-0.544280
0.998603
-0.522403
-0.191184
0.185348
-0.321751
-0.648332
-0.522403
-0.380506
0.055499
0.950547
0.041073
-0.108271
0.807292
0.896055
-0.086738
-0.646302
0.090660
1.130954
-0.244979
